source,league.year,league.name,ident,person.ref,person.name.last,person.name.given,S_STINT,entry.name,S_FIRST,S_LAST,B_G,P_G,pos
minoraverages/1957TSN,1956,American Association,abernathy,B01595,Abernathy,Theodore,0,Louisville,,,40,,
minoraverages/1957TSN,1956,American Association,abernathy,F22310,Abernathy,,0,Louisville,,,,,p36
minoraverages/1957TSN,1956,American Association,abernathy,P10100,Abernathy,,0,Louisville,,,,36,p
minoraverages/1957TSN,1956,American Association,addis,B00577,Addis,Robert,0,Louisville,,,15,,
minoraverages/1957TSN,1956,American Association,addis,F20935,Addis,,0,Louisville,,,,,of11
minoraverages/1957TSN,1956,American Association,aguirre,B02244,Aguirre,Henry,0,Indianapolis,,,16,,
minoraverages/1957TSN,1956,American Association,aguirre,F22525,Aguirre,,0,Indianapolis,,,,,p16
minoraverages/1957TSN,1956,American Association,aguirre,P10253,Aguirre,,0,Indianapolis,,,,16,p
minoraverages/1957TSN,1956,American Association,almenares,B01431,Almenares,Pedro,0,St. Paul,,,13,,
minoraverages/1957TSN,1956,American Association,alston,B00092,Alston,Thomas,0,Omaha,,,122,,
minoraverages/1957TSN,1956,American Association,alston,F20072,Alston,,0,Omaha,,,,,1b103
minoraverages/1957TSN,1956,American Association,alston,F20583,Alston,,0,Omaha,,,,,3b19
minoraverages/1957TSN,1956,American Association,altobelli,B00324,Altobelli,Joseph,0,Indianapolis,,,145,,
minoraverages/1957TSN,1956,American Association,altobelli,F20095,Altobelli,,0,Indianapolis,,,,,1b144
minoraverages/1957TSN,1956,American Association,amalfitano,B01078,Amalfitano,Joseph,0,Minneapolis,,,44,,
minoraverages/1957TSN,1956,American Association,amalfitano,F20350,Amalfitano,,0,Minneapolis,,,,,2b33
minoraverages/1957TSN,1956,American Association,anthony,B02312,Anthony,O. Lee,1,Minneapolis,,,7,,
minoraverages/1957TSN,1956,American Association,anthony,B02312,Anthony,O. Lee,2,Louisville,,,9,,
minoraverages/1957TSN,1956,American Association,anthony,B02312,Anthony,O. Lee,T,,,,16,,
minoraverages/1957TSN,1956,American Association,anthony,F21961,Anthony,,1,Minneapolis,,,,,p
minoraverages/1957TSN,1956,American Association,anthony,F21961,Anthony,,2,Louisville,,,,,p
minoraverages/1957TSN,1956,American Association,anthony,F21961,Anthony,,T,,,,,,p16
minoraverages/1957TSN,1956,American Association,anthony,P10917,Anthony,,1,Minneapolis,,,,7,p
minoraverages/1957TSN,1956,American Association,anthony,P10917,Anthony,,2,Louisville,,,,9,p
minoraverages/1957TSN,1956,American Association,anthony,P10917,Anthony,,T,,,,,16,p
minoraverages/1957TSN,1956,American Association,arroyo,B02738,Arroyo,Luis,0,Omaha,,,5,,
minoraverages/1957TSN,1956,American Association,arroyo,P11190,Arroyo,,0,Omaha,,,,5,p
minoraverages/1957TSN,1956,American Association,atwell,B01926,Atwell,Maurice,0,Omaha,,,28,,
minoraverages/1957TSN,1956,American Association,atwell,F21531,Atwell,,0,Omaha,,,,,c22
minoraverages/1957TSN,1956,American Association,averill,B01321,Averill,Earl,0,Indianapolis,,,22,,
minoraverages/1957TSN,1956,American Association,averill,F20943,Averill,,0,Indianapolis,,,,,of10
minoraverages/1957TSN,1956,American Association,barclay,B01601,Barclay,Curtis,0,Minneapolis,,,44,,
minoraverages/1957TSN,1956,American Association,barclay,F22251,Barclay,,0,Minneapolis,,,,,p37
minoraverages/1957TSN,1956,American Association,barclay,P10137,Barclay,,0,Minneapolis,,,,37,p
minoraverages/1957TSN,1956,American Association,barnes,B01345,Barnes,Frank,1,Minneapolis,,,23,,
minoraverages/1957TSN,1956,American Association,barnes,B01345,Barnes,Frank,2,Omaha,,,7,,
minoraverages/1957TSN,1956,American Association,barnes,B01345,Barnes,Frank,T,,,,30,,
minoraverages/1957TSN,1956,American Association,barnes,F22214,Barnes,,1,Minneapolis,,,,,p
minoraverages/1957TSN,1956,American Association,barnes,F22214,Barnes,,2,Omaha,,,,,p
minoraverages/1957TSN,1956,American Association,barnes,F22214,Barnes,,T,,,,,,p25
minoraverages/1957TSN,1956,American Association,barnes,P10056,Barnes,,1,Minneapolis,,,,18,p
minoraverages/1957TSN,1956,American Association,barnes,P10056,Barnes,,2,Omaha,,,,7,p
minoraverages/1957TSN,1956,American Association,barnes,P10056,Barnes,,T,,,,,25,p
minoraverages/1957TSN,1956,American Association,baro,B00651,Baro,Alberto,0,Omaha,,,56,,
minoraverages/1957TSN,1956,American Association,baro,F21084,Baro,,0,Omaha,,,,,of41
minoraverages/1957TSN,1956,American Association,beard,B00904,Beard,C. Theodore,0,Indianapolis,,,116,,
minoraverages/1957TSN,1956,American Association,beard,F21210,Beard,,0,Indianapolis,,,,,of105
minoraverages/1957TSN,1956,American Association,becquer,B00362,Becquer,Julio,0,Louisville,,,151,,
minoraverages/1957TSN,1956,American Association,becquer,F20131,Becquer,,0,Louisville,,,,,1b139
minoraverages/1957TSN,1956,American Association,becquer,F20648,Becquer,,0,Louisville,,,,,3b19
minoraverages/1957TSN,1956,American Association,bella,B00502,Bella,John,0,Denver,,,77,,
minoraverages/1957TSN,1956,American Association,bella,F20981,Bella,,0,Denver,,,,,of62
minoraverages/1957TSN,1956,American Association,benedict,B01899,Benedict,David,0,Louisville,,,35,,
minoraverages/1957TSN,1956,American Association,benedict,F21726,Benedict,,0,Louisville,,,,,p35
minoraverages/1957TSN,1956,American Association,benedict,P10714,Benedict,,0,Louisville,,,,35,p
minoraverages/1957TSN,1956,American Association,benson,B02746,Benson,Vernon,0,Omaha,,,1,,
minoraverages/1957TSN,1956,American Association,bertoia,B00196,Bertoia,Reno,0,Charleston,,,125,,
minoraverages/1957TSN,1956,American Association,bertoia,F20279,Bertoia,,0,Charleston,,,,,2b34
minoraverages/1957TSN,1956,American Association,bertoia,F20612,Bertoia,,0,Charleston,,,,,3b61
minoraverages/1957TSN,1956,American Association,bertoia,F20713,Bertoia,,0,Charleston,,,,,ss33
minoraverages/1957TSN,1956,American Association,bicknell,B02860,Bicknell,Charles,0,Wichita,,,2,,
minoraverages/1957TSN,1956,American Association,bicknell,P11298,Bicknell,,0,Wichita,,,,1,p
minoraverages/1957TSN,1956,American Association,biskup,B02464,Biskup,Frank,0,Indianapolis,,,6,,
minoraverages/1957TSN,1956,American Association,black,B01428,Black,William,0,Charleston,,,24,,
minoraverages/1957TSN,1956,American Association,black,F22191,Black,,0,Charleston,,,,,p24
minoraverages/1957TSN,1956,American Association,black,P10289,Black,,0,Charleston,,,,24,p
minoraverages/1957TSN,1956,American Association,blyzka,B00783,Blyzka,Michael,0,Denver,,,37,,
minoraverages/1957TSN,1956,American Association,blyzka,F21739,Blyzka,,0,Denver,,,,,p37
minoraverages/1957TSN,1956,American Association,blyzka,P10852,Blyzka,,0,Denver,,,,37,p
minoraverages/1957TSN,1956,American Association,bollweg,B00335,Bollweg,Donald,1,Minneapolis,,,16,,
minoraverages/1957TSN,1956,American Association,bollweg,B00335,Bollweg,Donald,2,Wichita,,,109,,
minoraverages/1957TSN,1956,American Association,bollweg,B00335,Bollweg,Donald,T,,,,125,,
minoraverages/1957TSN,1956,American Association,bollweg,F20128,Bollweg,,1,Minneapolis,,,,,1b
minoraverages/1957TSN,1956,American Association,bollweg,F20128,Bollweg,,2,Wichita,,,,,1b
minoraverages/1957TSN,1956,American Association,bollweg,F20128,Bollweg,,T,,,,,,1b117
minoraverages/1957TSN,1956,American Association,bowman,B02113,Bowman,Roger,0,Minneapolis,,,10,,
minoraverages/1957TSN,1956,American Association,bowman,F21898,Bowman,,0,Minneapolis,,,,,p10
minoraverages/1957TSN,1956,American Association,bowman,P10277,Bowman,,0,Minneapolis,,,,10,p
minoraverages/1957TSN,1956,American Association,bracchitta,B01032,Bracchitta,Joseph,1,Minneapolis,,,17,,
minoraverages/1957TSN,1956,American Association,bracchitta,B01032,Bracchitta,Joseph,2,Louisville,,,66,,
minoraverages/1957TSN,1956,American Association,bracchitta,B01032,Bracchitta,Joseph,T,,,,83,,
minoraverages/1957TSN,1956,American Association,bracchitta,F20970,Bracchitta,,1,Minneapolis,,,,,of
minoraverages/1957TSN,1956,American Association,bracchitta,F20970,Bracchitta,,2,Louisville,,,,,of
minoraverages/1957TSN,1956,American Association,bracchitta,F20970,Bracchitta,,T,,,,,,of69
minoraverages/1957TSN,1956,American Association,bradford,B02266,Bradford,William,0,Minneapolis,,,51,,
minoraverages/1957TSN,1956,American Association,bradford,F22574,Bradford,,0,Minneapolis,,,,,p51
minoraverages/1957TSN,1956,American Association,bradford,P10751,Bradford,,0,Minneapolis,,,,51,p
minoraverages/1957TSN,1956,American Association,bressoud,B00936,Bressoud,Edward,0,Minneapolis,,,86,,
minoraverages/1957TSN,1956,American Association,bressoud,F20673,Bressoud,,0,Minneapolis,,,,,ss86
minoraverages/1957TSN,1956,American Association,bordowski,B01477,Brodowski,Richard,0,Louisville,,,36,,
minoraverages/1957TSN,1956,American Association,bordowski,F22020,Brodowski,,0,Louisville,,,,,p27
minoraverages/1957TSN,1956,American Association,bordowski,P10176,Brodowski,,0,Louisville,,,,27,p
minoraverages/1957TSN,1956,American Association,browning,B00887,Browning,Wade,0,St. Paul,,,39,,
minoraverages/1957TSN,1956,American Association,browning,F22563,Browning,,0,St. Paul,,,,,p27
minoraverages/1957TSN,1956,American Association,browning,P10679,Browning,,0,St. Paul,,,,27,p
minoraverages/1957TSN,1956,American Association,bruce,B02348,Bruce,Robert,0,Charleston,,,2,,
minoraverages/1957TSN,1956,American Association,bruce,P10958,Bruce,,0,Charleston,,,,2,p
minoraverages/1957TSN,1956,American Association,bucha,B00811,Bucha,John,0,St. Paul,,,109,,
minoraverages/1957TSN,1956,American Association,bucha,F21491,Bucha,,0,St. Paul,,,,,c91
minoraverages/1957TSN,1956,American Association,bunning,B01674,Bunning,James,0,Charleston,,,24,,
minoraverages/1957TSN,1956,American Association,bunning,F22280,Bunning,,0,Charleston,,,,,p22
minoraverages/1957TSN,1956,American Association,bunning,P10062,Bunning,,0,Charleston,,,,22,p
minoraverages/1957TSN,1956,American Association,burbrink,B01064,Burbrink,Nelson,0,Omaha,,,111,,
minoraverages/1957TSN,1956,American Association,burbrink,F21528,Burbrink,,0,Omaha,,,,,c105
minoraverages/1957TSN,1956,American Association,brunette,B02121,Burnette,Wallace,0,Denver,,,20,,
minoraverages/1957TSN,1956,American Association,brunette,F22073,Burnette,,0,Denver,,,,,p20
minoraverages/1957TSN,1956,American Association,brunette,P10441,Burnette,,0,Denver,,,,20,p
minoraverages/1957TSN,1956,American Association,burnside,B02215,Burnside,Peter,0,Minneapolis,,,22,,
minoraverages/1957TSN,1956,American Association,burnside,F22355,Burnside,,0,Minneapolis,,,,,p22
minoraverages/1957TSN,1956,American Association,burnside,P10611,Burnside,,0,Minneapolis,,,,22,p
minoraverages/1957TSN,1956,American Association,burris,B01444,Burris,Paul,0,Louisville,,,35,,
minoraverages/1957TSN,1956,American Association,burris,F21450,Burris,,0,Louisville,,,,,c29
minoraverages/1957TSN,1956,American Association,burtschy,B02432,Burtschy,Edward,0,Denver,,,9,,
minoraverages/1957TSN,1956,American Association,burtschy,P11023,Burtschy,,0,Denver,,,,9,p
minoraverages/1957TSN,1956,American Association,byerly,B01490,Byerly,Eldred,0,Louisville,,,19,,
minoraverages/1957TSN,1956,American Association,byerly,F21854,Byerly,,0,Louisville,,,,,p19
minoraverages/1957TSN,1956,American Association,byerly,P10228,Byerly,,0,Louisville,,,,19,p
minoraverages/1957TSN,1956,American Association,byrd,B01947,Byrd,Harry,0,Charleston,,,24,,
minoraverages/1957TSN,1956,American Association,byrd,F21705,Byrd,,0,Charleston,,,,,p24
minoraverages/1957TSN,1956,American Association,byrd,P10429,Byrd,,0,Charleston,,,,24,p
minoraverages/1957TSN,1956,American Association,carey,M90110,Carey,Max,,Louisville,19560725,,,,
minoraverages/emilbb,1956,American Association,carey,M90212,Carey,Max,,Louisville,,,,,
minoraverages/1957TSN,1956,American Association,casagrande,B01523,Casagrande,Thomas,0,Louisville,,,93,,
minoraverages/1957TSN,1956,American Association,casagrande,F20080,Casagrande,,0,Louisville,,,,,1b13
minoraverages/1957TSN,1956,American Association,casagrande,F21403,Casagrande,,0,Louisville,,,,,of29
minoraverages/1957TSN,1956,American Association,casagrande,F22487,Casagrande,,0,Louisville,,,,,p24
minoraverages/1957TSN,1956,American Association,casagrande,P10622,Casagrande,,0,Louisville,,,,24,p
minoraverages/1957TSN,1956,American Association,castro,B00794,Castro,Julian,0,Louisville,,,10,,
minoraverages/1957TSN,1956,American Association,cave,B02159,Cave,Paul,0,Wichita,,,44,,
minoraverages/1957TSN,1956,American Association,cave,F22549,Cave,,0,Wichita,,,,,p44
minoraverages/1957TSN,1956,American Association,cave,P10410,Cave,,0,Wichita,,,,44,p
minoraverages/1957TSN,1956,American Association,ceplo,B02289,Ceplo,John,0,St. Paul,,,20,,
minoraverages/1957TSN,1956,American Association,ceplo,F21904,Ceplo,,0,St. Paul,,,,,p17
minoraverages/1957TSN,1956,American Association,ceplo,P10687,Ceplo,,0,St. Paul,,,,17,p
minoraverages/1957TSN,1956,American Association,charles,B01754,Charles,Edwin,0,Wichita,,,15,,
minoraverages/1957TSN,1956,American Association,charles,F20388,Charles,,0,Wichita,,,,,2b10
minoraverages/1957TSN,1956,American Association,cheney,B01663,Cheney,Thomas,0,Omaha,,,31,,
minoraverages/1957TSN,1956,American Association,cheney,F22036,Cheney,,0,Omaha,,,,,p29
minoraverages/1957TSN,1956,American Association,cheney,P10043,Cheney,,0,Omaha,,,,29,p
minoraverages/1957TSN,1956,American Association,chinique,B02493,Chinique,Oscar,0,Louisville,,,1,,
minoraverages/1957TSN,1956,American Association,chinique,P11046,Chinique,,0,Louisville,,,,1,p
minoraverages/1957TSN,1956,American Association,chrisley,B00130,Chrisley,Neil,0,Louisville,,,144,,
minoraverages/1957TSN,1956,American Association,chrisley,F21068,Chrisley,,0,Louisville,,,,,of135
minoraverages/1957TSN,1956,American Association,clark,B00614,Clark,Melvin,0,Louisville,,,57,,
minoraverages/1957TSN,1956,American Association,clark,F21000,Clark,,0,Louisville,,,,,of55
minoraverages/1957TSN,1956,American Association,clarke,B01649,Clarke,Vibert,0,Louisville,,,28,,
minoraverages/1957TSN,1956,American Association,clarke,F22332,Clarke,,0,Louisville,,,,,p16
minoraverages/1957TSN,1956,American Association,clarke,P10665,Clarke,,0,Louisville,,,,16,p
minoraverages/1957TSN,1956,American Association,clear,B02751,Clear,E. Robert,0,Omaha,,,3,,
minoraverages/1957TSN,1956,American Association,clear,P11206,Clear,,0,Omaha,,,,3,p
minoraverages/1957TSN,1956,American Association,clevenger,B01538,Clevenger,Truman,0,Louisville,,,19,,
minoraverages/1957TSN,1956,American Association,clevenger,F22267,Clevenger,,0,Louisville,,,,,p19
minoraverages/1957TSN,1956,American Association,clevenger,P10860,Clevenger,,0,Louisville,,,,19,p
minoraverages/1957TSN,1956,American Association,coan,B00210,Coan,Gilbert,0,Minneapolis,,,134,,
minoraverages/1957TSN,1956,American Association,coan,F20997,Coan,,0,Minneapolis,,,,,of129
minoraverages/1957TSN,1956,American Association,coe,B02357,Coe,Harry,0,Charleston,,,3,,
minoraverages/1957TSN,1956,American Association,coe,P10963,Coe,,0,Charleston,,,,3,p
minoraverages/1957TSN,1956,American Association,coleman,B01143,Coleman,Raymond,0,Omaha,,,48,,
minoraverages/1957TSN,1956,American Association,coleman,F20864,Coleman,,0,Omaha,,,,,of31
minoraverages/1957TSN,1956,American Association,command,B00553,Command,James,0,Omaha,,,45,,
minoraverages/1957TSN,1956,American Association,command,F21614,Command,,0,Omaha,,,,,c43
minoraverages/1957TSN,1956,American Association,constable,B01983,Constable,James,0,Minneapolis,,,37,,
minoraverages/1957TSN,1956,American Association,constable,F22440,Constable,,0,Minneapolis,,,,,p37
minoraverages/1957TSN,1956,American Association,constable,P10070,Constable,,0,Minneapolis,,,,37,p
minoraverages/1957TSN,1956,American Association,corwin,B01848,Corwin,Elmer,0,Minneapolis,,,38,,
minoraverages/1957TSN,1956,American Association,corwin,F21771,Corwin,,0,Minneapolis,,,,,p26
minoraverages/1957TSN,1956,American Association,corwin,P10575,Corwin,,0,Minneapolis,,,,26,p
minoraverages/1957TSN,1956,American Association,currie,B02503,Currie,William,0,Louisville,,,5,,
minoraverages/1957TSN,1956,American Association,currie,P11051,Currie,,0,Louisville,,,,4,p
minoraverages/1957TSN,1956,American Association,curry,B00646,Curry,Lacey,0,St. Paul,,,114,,
minoraverages/1957TSN,1956,American Association,curry,F20211,Curry,,0,St. Paul,,,,,2b33
minoraverages/1957TSN,1956,American Association,curry,F21163,Curry,,0,St. Paul,,,,,of67
minoraverages/1957TSN,1956,American Association,daley,B01706,Daley,Buddy Leo,0,Indianapolis,,,21,,
minoraverages/1957TSN,1956,American Association,daley,F22393,Daley,,0,Indianapolis,,,,,p21
minoraverages/1957TSN,1956,American Association,daley,P10231,Daley,,0,Indianapolis,,,,21,p
minoraverages/1957TSN,1956,American Association,darden,B02780,Darden,William,0,St. Paul,,,5,,
minoraverages/1957TSN,1956,American Association,darden,P11233,Darden,,0,St. Paul,,,,4,p
minoraverages/1957TSN,1956,American Association,davalillo,B00999,Davalillo,Pompeyo,0,Louisville,,,79,,
minoraverages/1957TSN,1956,American Association,davalillo,F20189,Davalillo,,0,Louisville,,,,,2b15
minoraverages/1957TSN,1956,American Association,davalillo,F20518,Davalillo,,0,Louisville,,,,,3b65
minoraverages/1957TSN,1956,American Association,depalo,B01696,DePalo,James,0,Denver,,,49,,
minoraverages/1957TSN,1956,American Association,depalo,F22134,DePalo,,0,Denver,,,,,p47
minoraverages/1957TSN,1956,American Association,depalo,P10654,DePalo,,0,Denver,,,,47,p
minoraverages/1957TSN,1956,American Association,demeter,B01291,Demeter,Stephen,0,Charleston,,,47,,
minoraverages/1957TSN,1956,American Association,demeter,F20496,Demeter,,0,Charleston,,,,,3b42
minoraverages/1957TSN,1956,American Association,dixon,B01453,Dixon,Sherwin,0,Omaha,,,12,,
minoraverages/1957TSN,1956,American Association,donnelly,B01722,Donnelly,Edward,0,Omaha,,,21,,
minoraverages/1957TSN,1956,American Association,donnelly,F21840,Donnelly,,0,Omaha,,,,,p13
minoraverages/1957TSN,1956,American Association,donnelly,P10826,Donnelly,,0,Omaha,,,,13,p
minoraverages/1957TSN,1956,American Association,downs,B01625,Downs,Benjamin,0,Charleston,,,21,,
minoraverages/1957TSN,1956,American Association,downs,F20924,Downs,,0,Charleston,,,,,of10
minoraverages/1957TSN,1956,American Association,drake,B00450,Drake,Solomon,0,St. Paul,,,55,,
minoraverages/1957TSN,1956,American Association,drake,F21324,Drake,,0,St. Paul,,,,,of51
minoraverages/1957TSN,1956,American Association,eggert,B01415,Eggert,Donald,1,St. Paul,,,39,,
minoraverages/1957TSN,1956,American Association,eggert,B01415,Eggert,Donald,2,Charleston,,,62,,
minoraverages/1957TSN,1956,American Association,eggert,B01415,Eggert,Donald,T,,,,101,,
minoraverages/1957TSN,1956,American Association,eggert,F20552,Eggert,,1,St. Paul,,,,,3b
minoraverages/1957TSN,1956,American Association,eggert,F20552,Eggert,,2,Charleston,,,,,3b
minoraverages/1957TSN,1956,American Association,eggert,F20552,Eggert,,T,,,,,,3b55
minoraverages/1957TSN,1956,American Association,eggert,F21308,Eggert,,1,St. Paul,,,,,of
minoraverages/1957TSN,1956,American Association,eggert,F21308,Eggert,,2,Charleston,,,,,of
minoraverages/1957TSN,1956,American Association,eggert,F21308,Eggert,,T,,,,,,of35
minoraverages/1957TSN,1956,American Association,elston,B00957,Elston,Donald,0,St. Paul,,,45,,
minoraverages/1957TSN,1956,American Association,elston,F22422,Elston,,0,St. Paul,,,,,p45
minoraverages/1957TSN,1956,American Association,elston,P10373,Elston,,0,St. Paul,,,,45,p
minoraverages/1957TSN,1956,American Association,enoa,B02516,Enoa,Rafael,0,Louisville,,,9,,
minoraverages/1957TSN,1956,American Association,facchini,B01337,Facchini,Alfred,0,Wichita,,,98,,
minoraverages/1957TSN,1956,American Association,facchini,F20700,Facchini,,0,Wichita,,,,,ss75
minoraverages/1957TSN,1956,American Association,farrell,M90018,Farrell,M. Kerby,,Indianapolis,,,,,
minoraverages/emilbb,1956,American Association,farrell,M90129,Farrell,Kerby,,Indianapolis,,,,,
minoraverages/1957TSN,1956,American Association,fletcher,B02361,Fletcher,Vanoide,0,Charleston,,,8,,
minoraverages/1957TSN,1956,American Association,fletcher,P10974,Fletcher,,0,Charleston,,,,8,p
minoraverages/1957TSN,1956,American Association,forizs,B01630,Forizs,John,0,St. Paul,,,30,,
minoraverages/1957TSN,1956,American Association,forizs,F22517,Forizs,,0,St. Paul,,,,,p21
minoraverages/1957TSN,1956,American Association,forizs,P10901,Forizs,,0,St. Paul,,,,21,p
minoraverages/1957TSN,1956,American Association,freeman,B02097,Freeman,Mark,0,Denver,,,30,,
minoraverages/1957TSN,1956,American Association,freeman,F22454,Freeman,,0,Denver,,,,,p30
minoraverages/1957TSN,1956,American Association,freeman,P10192,Freeman,,0,Denver,,,,30,p
minoraverages/1957TSN,1956,American Association,fridley,B00174,Fridley,James,0,Denver,,,143,,
minoraverages/1957TSN,1956,American Association,fridley,F20962,Fridley,,0,Denver,,,,,of138
minoraverages/1957TSN,1956,American Association,garcia-wic,B00229,Garcia,Vinicio,0,Wichita,,,144,,
minoraverages/1957TSN,1956,American Association,garcia-min,B02679,Garcia,David,0,Minneapolis,,,5,,
minoraverages/1957TSN,1956,American Association,garcia-wic,F20233,Garcia,,0,Wichita,,,,,2b126
minoraverages/1957TSN,1956,American Association,garcia-wic,F20594,Garcia,,0,Wichita,,,,,3b13
minoraverages/1957TSN,1956,American Association,garmon,B01711,Garmon,Charles,0,Denver,,,33,,
minoraverages/1957TSN,1956,American Association,garmon,F22150,Garmon,,0,Denver,,,,,p33
minoraverages/1957TSN,1956,American Association,garmon,P10894,Garmon,,0,Denver,,,,33,p
minoraverages/1957TSN,1956,American Association,gasque,B02019,Gasque,Edwin,0,Indianapolis,,,37,,
minoraverages/1957TSN,1956,American Association,gasque,F22012,Gasque,,0,Indianapolis,,,,,p34
minoraverages/1957TSN,1956,American Association,gasque,P10348,Gasque,,0,Indianapolis,,,,34,p
minoraverages/1957TSN,1956,American Association,gaston,B02767,Gaston,Hiram,0,Omaha,,,4,,
minoraverages/1957TSN,1956,American Association,gaston,P11211,Gaston,,0,Omaha,,,,4,p
minoraverages/1957TSN,1956,American Association,getter,B01873,Getter,Richard,0,Omaha,,,10,,
minoraverages/1957TSN,1956,American Association,giggie,B02231,Giggie,Robert,0,Wichita,,,20,,
minoraverages/1957TSN,1956,American Association,giggie,F21822,Giggie,,0,Wichita,,,,,p20
minoraverages/1957TSN,1956,American Association,giggie,P10633,Giggie,,0,Wichita,,,,20,p
minoraverages/1957TSN,1956,American Association,gladstone,B00865,Gladstone,Granville,0,St. Paul,,,130,,
minoraverages/1957TSN,1956,American Association,gladstone,F21232,Gladstone,,0,St. Paul,,,,,of116
minoraverages/1957TSN,1956,American Association,gonzalez,B00343,Gonzalez,Waldo,0,Louisville,,,124,,
minoraverages/1957TSN,1956,American Association,gonzalez,F20792,Gonzalez,,0,Louisville,,,,,ss124
minoraverages/1957TSN,1956,American Association,gorin,B01836,Gorin,Charles,0,Wichita,,,56,,
minoraverages/1957TSN,1956,American Association,gorin,F22465,Gorin,,0,Wichita,,,,,p38
minoraverages/1957TSN,1956,American Association,gorin,P10184,Gorin,,0,Wichita,,,,38,p
minoraverages/1957TSN,1956,American Association,graber,B00912,Graber,Rodney,0,Indianapolis,,,22,,
minoraverages/1957TSN,1956,American Association,graber,F21343,Graber,,0,Indianapolis,,,,,of18
minoraverages/1957TSN,1956,American Association,grate,B00566,Grate,Donald,1,Louisville,,,48,,
minoraverages/1957TSN,1956,American Association,grate,B00566,Grate,Donald,2,Minneapolis,,,70,,
minoraverages/1957TSN,1956,American Association,grate,B00566,Grate,Donald,T,,,,124,,
minoraverages/1957TSN,1956,American Association,grate,F20636,Grate,,1,Louisville,,,,,3b
minoraverages/1957TSN,1956,American Association,grate,F20636,Grate,,2,Minneapolis,,,,,3b
minoraverages/1957TSN,1956,American Association,grate,F20636,Grate,,T,,,,,,3b12
minoraverages/1957TSN,1956,American Association,grate,F21229,Grate,,1,Louisville,,,,,of
minoraverages/1957TSN,1956,American Association,grate,F21229,Grate,,2,Minneapolis,,,,,of
minoraverages/1957TSN,1956,American Association,grate,F21229,Grate,,T,,,,,,of97
minoraverages/1957TSN,1956,American Association,gray,B01820,Gray,John,0,Indianapolis,,,41,,
minoraverages/1957TSN,1956,American Association,gray,F21667,Gray,,0,Indianapolis,,,,,p41
minoraverages/1957TSN,1956,American Association,gray,P10019,Gray,,0,Indianapolis,,,,41,p
minoraverages/1957TSN,1956,American Association,grimsley,B02070,Grimsley,Ross,0,Omaha,,,22,,
minoraverages/1957TSN,1956,American Association,grimsley,F22209,Grimsley,,0,Omaha,,,,,p20
minoraverages/1957TSN,1956,American Association,grimsley,P10746,Grimsley,,0,Omaha,,,,20,p
minoraverages/1957TSN,1956,American Association,hallgren,B02871,Hallgren,Arnold,0,Wichita,,,7,,
minoraverages/1957TSN,1956,American Association,hamric,B00705,Hamric,Odbert,0,St. Paul,,,117,,
minoraverages/1957TSN,1956,American Association,hamric,F21207,Hamric,,0,St. Paul,,,,,of104
minoraverages/1957TSN,1956,American Association,hanebrink,B00278,Hanebrink,Harry,0,Wichita,,,146,,
minoraverages/1957TSN,1956,American Association,hanebrink,F20474,Hanebrink,,0,Wichita,,,,,3b142
minoraverages/1957TSN,1956,American Association,hardy,B00381,Hardy,Carroll,0,Indianapolis,,,21,,
minoraverages/1957TSN,1956,American Association,hardy,F20841,Hardy,,0,Indianapolis,,,,,of21
minoraverages/1957TSN,1956,American Association,harmon,B00416,Harmon,Charles,0,Omaha,,,58,,
minoraverages/1957TSN,1956,American Association,harmon,F21286,Harmon,,0,Omaha,,,,,of57
minoraverages/1957TSN,1956,American Association,harrell,B00232,Harrell,William,0,Indianapolis,,,135,,
minoraverages/1957TSN,1956,American Association,harrell,F20810,Harrell,,0,Indianapolis,,,,,ss33
minoraverages/1957TSN,1956,American Association,harrell,F21130,Harrell,,0,Indianapolis,,,,,of88
minoraverages/1957TSN,1956,American Association,harris,B00264,Harris,Gail,0,Minneapolis,,,133,,
minoraverages/1957TSN,1956,American Association,harris,F20144,Harris,,0,Minneapolis,,,,,1b132
minoraverages/1957TSN,1956,American Association,hartman,B02043,Hartman,Robert,0,Wichita,,,12,,
minoraverages/1957TSN,1956,American Association,hartman,F21957,Hartman,,0,Wichita,,,,,p12
minoraverages/1957TSN,1956,American Association,hartman,P10698,Hartman,,0,Wichita,,,,12,p
minoraverages/1957TSN,1956,American Association,hartsfield,B00207,Hartsfield,Roy,0,St. Paul,,,140,,
minoraverages/1957TSN,1956,American Association,hartsfield,F20303,Hartsfield,,0,St. Paul,,,,,2b110
minoraverages/1957TSN,1956,American Association,hartsfield,F20855,Hartsfield,,0,St. Paul,,,,,of28
minoraverages/1957TSN,1956,American Association,hartsfield,M90060,Hartsfield,Roy,,St. Paul,19560831,,,,
minoraverages/1957TSN,1956,American Association,hassell,B00544,Hassell,Eugene,0,Denver,,,106,,
minoraverages/1957TSN,1956,American Association,hassell,F20391,Hassell,,0,Denver,,,,,2b25
minoraverages/1957TSN,1956,American Association,hassell,F20458,Hassell,,0,Denver,,,,,3b42
minoraverages/1957TSN,1956,American Association,hawes,B00117,Hawes,Roy,1,Louisville,,,86,,
minoraverages/1957TSN,1956,American Association,hawes,B00117,Hawes,Roy,2,Charleston,,,35,,
minoraverages/1957TSN,1956,American Association,hawes,B00117,Hawes,Roy,T,,,,121,,
minoraverages/1957TSN,1956,American Association,hawes,F20166,Hawes,,1,Louisville,,,,,1b
minoraverages/1957TSN,1956,American Association,hawes,F20166,Hawes,,2,Charleston,,,,,1b
minoraverages/1957TSN,1956,American Association,hawes,F20166,Hawes,,T,,,,,,1b21
minoraverages/1957TSN,1956,American Association,hawes,F21370,Hawes,,1,Louisville,,,,,of
minoraverages/1957TSN,1956,American Association,hawes,F21370,Hawes,,2,Charleston,,,,,of
minoraverages/1957TSN,1956,American Association,hawes,F21370,Hawes,,T,,,,,,of105
minoraverages/1957TSN,1956,American Association,hazle,B00806,Hazle,Robert,0,Wichita,,,124,,
minoraverages/1957TSN,1956,American Association,hazle,F21362,Hazle,,0,Wichita,,,,,of103
minoraverages/1957TSN,1956,American Association,held-den,B00241,Held,Woodson,0,Denver,,,154,,
minoraverages/1957TSN,1956,American Association,held-min,B02100,Held,Melvin,0,Minneapolis,,,21,,
minoraverages/1957TSN,1956,American Association,held-den,F20571,Held,,0,Denver,,,,,3b112
minoraverages/1957TSN,1956,American Association,held-den,F20784,Held,,0,Denver,,,,,ss37
minoraverages/1957TSN,1956,American Association,held-min,F21760,Held,,0,Minneapolis,,,,,p21
minoraverages/1957TSN,1956,American Association,held-min,P10805,Held,,0,Minneapolis,,,,21,p
minoraverages/1957TSN,1956,American Association,herbert,B01384,Herbert,Eugene,0,Louisville,,,104,,
minoraverages/1957TSN,1956,American Association,herbert,F20342,Herbert,,0,Louisville,,,,,2b49
minoraverages/1957TSN,1956,American Association,herbert,F20425,Herbert,,0,Louisville,,,,,3b49
minoraverages/1957TSN,1956,American Association,hersh,B00084,Hersh,Earl,0,Wichita,,,128,,
minoraverages/1957TSN,1956,American Association,hersh,F20153,Hersh,,0,Wichita,,,,,1b32
minoraverages/1957TSN,1956,American Association,hersh,F21335,Hersh,,0,Wichita,,,,,of100
minoraverages/1957TSN,1956,American Association,hicks,B01007,Hicks,Clarence,0,Charleston,,,34,,
minoraverages/1957TSN,1956,American Association,hicks,F20661,Hicks,,0,Charleston,,,,,ss33
minoraverages/1957TSN,1956,American Association,hoffer,B01181,Hoffer,William,0,Charleston,,,16,,
minoraverages/1957TSN,1956,American Association,holton,B00948,Holton,Raymond,0,Louisville,,,64,,
minoraverages/1957TSN,1956,American Association,holton,F21475,Holton,,0,Louisville,,,,,c59
minoraverages/1957TSN,1956,American Association,host,B01939,Host,Eugene,0,Charleston,,,40,,
minoraverages/1957TSN,1956,American Association,host,F21973,Host,,0,Charleston,,,,,p40
minoraverages/1957TSN,1956,American Association,host,P10121,Host,,0,Charleston,,,,40,p
minoraverages/1957TSN,1956,American Association,houk,B02441,Houk,Ralph,0,Denver,,,1,,
minoraverages/1957TSN,1956,American Association,houk,M90026,Houk,Ralph,,Denver,,,,,
minoraverages/emilbb,1956,American Association,houk,M90132,Houk,Ralph,,Denver,,,,,
minoraverages/1957TSN,1956,American Association,hutson,B01203,Hutson,Eulas,0,St. Paul,,,119,,
minoraverages/1957TSN,1956,American Association,hutson,F21182,Hutson,,0,St. Paul,,,,,of97
minoraverages/1957TSN,1956,American Association,isaac,B02527,Isaac,John,0,Louisville,,,8,,
minoraverages/1957TSN,1956,American Association,isaac,P11067,Isaac,,0,Louisville,,,,8,p
minoraverages/1957TSN,1956,American Association,izquierdo,B01170,Izquierdo,Enrique,0,Indianapolis,,,19,,
minoraverages/1957TSN,1956,American Association,jancse,B01861,Jancse,John,0,St. Paul,,,33,,
minoraverages/1957TSN,1956,American Association,jancse,F21680,Jancse,,0,St. Paul,,,,,p31
minoraverages/1957TSN,1956,American Association,jancse,P10159,Jancse,,0,St. Paul,,,,31,p
minoraverages/1957TSN,1956,American Association,jay,B01617,Jay,Joseph,0,Wichita,,,28,,
minoraverages/1957TSN,1956,American Association,jay,F22295,Jay,,0,Wichita,,,,,p27
minoraverages/1957TSN,1956,American Association,jay,P10478,Jay,,0,Wichita,,,,27,p
minoraverages/1957TSN,1956,American Association,jenkins,B00854,Jenkins,Wilburn,0,Minneapolis,,,116,,
minoraverages/1957TSN,1956,American Association,jenkins,F21589,Jenkins,,0,Minneapolis,,,,,c110
minoraverages/1957TSN,1956,American Association,jenks,B02534,Jenks,Jesus (Lovio),0,Louisville,,,3,,
minoraverages/1957TSN,1956,American Association,johnson-den,B00528,Johnson,Darrell,0,Denver,,,107,,
minoraverages/1957TSN,1956,American Association,johnson-lou,B01216,Johnson,Wilburn,0,Louisville,,,55,,
minoraverages/1957TSN,1956,American Association,johnson-lou,F20417,Johnson,,0,Louisville,,,,,2b49
minoraverages/1957TSN,1956,American Association,johnson-den,F21544,Johnson,,0,Denver,,,,,c101
minoraverages/1957TSN,1956,American Association,jok,B00752,Jok,Stanley,0,Omaha,,,69,,
minoraverages/1957TSN,1956,American Association,jok,F20539,Jok,,0,Omaha,,,,,3b67
minoraverages/1957TSN,1956,American Association,jones-ind,B01250,Jones,Allen,0,Indianapolis,,,69,,
minoraverages/1957TSN,1956,American Association,jones-oma,B01779,Jones,Gordon,0,Omaha,,,28,,
minoraverages/1957TSN,1956,American Association,jones-ind,F21638,Jones,,0,Indianapolis,,,,,c65
minoraverages/1957TSN,1956,American Association,jones-oma,F21985,Jones,,0,Omaha,,,,,p27
minoraverages/1957TSN,1956,American Association,jones-oma,P10035,Jones,,0,Omaha,,,,27,p
minoraverages/1957TSN,1956,American Association,karlik,B01156,Karlik,Emil,0,Charleston,,,23,,
minoraverages/1957TSN,1956,American Association,karlik,F21416,Karlik,,0,Charleston,,,,,of22
minoraverages/1957TSN,1956,American Association,keane,M90039,Keane,John,,Omaha,,,,,
minoraverages/emilbb,1956,American Association,keane,M90141,Keane,Johnny,,Omaha,,,,,
minoraverages/1957TSN,1956,American Association,king,B01551,King,Charles,0,Charleston,,,120,,
minoraverages/1957TSN,1956,American Association,king,F21101,King,,0,Charleston,,,,,of113
minoraverages/1957TSN,1956,American Association,kipper,B01489,Kipper,Thornton,0,Louisville,,,18,,
minoraverages/1957TSN,1956,American Association,kipper,F22433,Kipper,,0,Louisville,,,,,p17
minoraverages/1957TSN,1956,American Association,kipper,P10357,Kipper,,0,Louisville,,,,17,p
minoraverages/1957TSN,1956,American Association,kirkland,B00149,Kirkland,Willie,0,Minneapolis,,,154,,
minoraverages/1957TSN,1956,American Association,kirkland,F21293,Kirkland,,0,Minneapolis,,,,,of154
minoraverages/1957TSN,1956,American Association,kite,B01288,Kite,James,0,Denver,,,34,,
minoraverages/1957TSN,1956,American Association,kite,F22223,Kite,,0,Denver,,,,,p30
minoraverages/1957TSN,1956,American Association,kite,P10839,Kite,,0,Denver,,,,30,p
minoraverages/1957TSN,1956,American Association,kline,B01402,Kline,Robert,0,Denver,,,10,,
minoraverages/1957TSN,1956,American Association,kline,F20190,Kline,,0,Denver,,,,,2b10
minoraverages/1957TSN,1956,American Association,konikowski,B02008,Konikowski,Alexander,0,Minneapolis,,,29,,
minoraverages/1957TSN,1956,American Association,konikowski,F21783,Konikowski,,0,Minneapolis,,,,,p29
minoraverages/1957TSN,1956,American Association,konikowski,P10606,Konikowski,,0,Minneapolis,,,,29,p
minoraverages/1957TSN,1956,American Association,koppe,B01300,Koppe,Joseph,0,Wichita,,,54,,
minoraverages/1957TSN,1956,American Association,koppe,F20829,Koppe,,0,Wichita,,,,,ss53
minoraverages/1957TSN,1956,American Association,koranda,B02795,Koranda,James,0,St. Paul,,,7,,
minoraverages/1957TSN,1956,American Association,kress,B01029,Kress,Charles,0,Charleston,,,117,,
minoraverages/1957TSN,1956,American Association,kress,F20046,Kress,,0,Charleston,,,,,1b48
minoraverages/1957TSN,1956,American Association,kress,F21149,Kress,,0,Charleston,,,,,of57
minoraverages/1957TSN,1956,American Association,kubek,B00021,Kubek,Anthony,0,Denver,,,138,,
minoraverages/1957TSN,1956,American Association,kubek,F20768,Kubek,,0,Denver,,,,,ss120
minoraverages/1957TSN,1956,American Association,kucab,B01918,Kucab,John,0,Denver,,,43,,
minoraverages/1957TSN,1956,American Association,kucab,F21747,Kucab,,0,Denver,,,,,p43
minoraverages/1957TSN,1956,American Association,kucab,P10588,Kucab,,0,Denver,,,,43,p
minoraverages/1957TSN,1956,American Association,kump,B02805,Kump,Ronald,0,St. Paul,,,7,,
minoraverages/1957TSN,1956,American Association,kump,P11240,Kump,,0,St. Paul,,,,6,p
minoraverages/1957TSN,1956,American Association,kutyna,B01546,Kutyna,J. Marlon,0,Omaha,,,27,,
minoraverages/1957TSN,1956,American Association,kutyna,F22169,Kutyna,,0,Omaha,,,,,p26
minoraverages/1957TSN,1956,American Association,kutyna,P10455,Kutyna,,0,Omaha,,,,26,p
minoraverages/1957TSN,1956,American Association,lammers,B01010,Lammers,Walter,0,Omaha,,,118,,
minoraverages/1957TSN,1956,American Association,lammers,F20316,Lammers,,0,Omaha,,,,,2b79
minoraverages/1957TSN,1956,American Association,lammers,F20560,Lammers,,0,Omaha,,,,,3b27
minoraverages/1957TSN,1956,American Association,larker,B00076,Larker,Norman,0,St. Paul,,,150,,
minoraverages/1957TSN,1956,American Association,larker,F20115,Larker,,0,St. Paul,,,,,1b150
minoraverages/1957TSN,1956,American Association,lasorda,B00427,Lasorda,Thomas,0,Denver,,,19,,
minoraverages/1957TSN,1956,American Association,lasorda,F22530,Lasorda,,0,Denver,,,,,p16
minoraverages/1957TSN,1956,American Association,lasorda,P10723,Lasorda,,0,Denver,,,,16,p
minoraverages/1957TSN,1956,American Association,lassetter,B01787,Lassetter,Donald,0,Omaha,,,24,,
minoraverages/1957TSN,1956,American Association,lassetter,F20878,Lassetter,,0,Omaha,,,,,of20
minoraverages/1957TSN,1956,American Association,lau,B01055,Lau,Charles,0,Charleston,,,110,,
minoraverages/1957TSN,1956,American Association,lau,F21553,Lau,,0,Charleston,,,,,c99
minoraverages/1957TSN,1956,American Association,lee,B00589,Lee,Ronald,0,St. Paul,,,52,,
minoraverages/1957TSN,1956,American Association,lee,F22127,Lee,,0,St. Paul,,,,,p50
minoraverages/1957TSN,1956,American Association,lee,P10432,Lee,,0,St. Paul,,,,50,p
minoraverages/1957TSN,1956,American Association,lennon,B00961,Lennon,Robert,0,Minneapolis,,,78,,
minoraverages/1957TSN,1956,American Association,lennon,F21045,Lennon,,0,Minneapolis,,,,,of68
minoraverages/1957TSN,1956,American Association,leppert,B01368,Leppert,Donald,0,Wichita,,,70,,
minoraverages/1957TSN,1956,American Association,leppert,F21577,Leppert,,0,Wichita,,,,,c50
minoraverages/1957TSN,1956,American Association,lewis,B02373,Lewis,Joseph,0,Charleston,,,2,,
minoraverages/1957TSN,1956,American Association,lewis,P10982,Lewis,,0,Charleston,,,,2,p
minoraverages/1957TSN,1956,American Association,lillis,B00286,Lillis,Robert,0,St. Paul,,,144,,
minoraverages/1957TSN,1956,American Association,lillis,F20699,Lillis,,0,St. Paul,,,,,ss144
minoraverages/1957TSN,1956,American Association,limmer,B00822,Limmer,Louis,0,Charleston,,,93,,
minoraverages/1957TSN,1956,American Association,limmer,F20067,Limmer,,0,Charleston,,,,,1b72
minoraverages/1957TSN,1956,American Association,limmer,F20908,Limmer,,0,Charleston,,,,,of16
minoraverages/1957TSN,1956,American Association,linhart,B01086,Linhart,Carl,0,Charleston,,,12,,
minoraverages/1957TSN,1956,American Association,linhart,F21319,Linhart,,0,Charleston,,,,,of10
minoraverages/1957TSN,1956,American Association,locklin,B00638,Locklin,Stuart,0,Indianapolis,,,55,,
minoraverages/1957TSN,1956,American Association,locklin,F21076,Locklin,,0,Indianapolis,,,,,of32
minoraverages/1957TSN,1956,American Association,lopez,B02542,Lopez,Joseph,0,Louisville,,,5,,
minoraverages/1957TSN,1956,American Association,lopez,P11072,Lopez,,0,Louisville,,,,5,p
minoraverages/1957TSN,1956,American Association,maas,B01905,Maas,Duane,0,Charleston,,,11,,
minoraverages/1957TSN,1956,American Association,maas,F22341,Maas,,0,Charleston,,,,,p11
minoraverages/1957TSN,1956,American Association,maas,P10244,Maas,,0,Charleston,,,,11,p
minoraverages/1957TSN,1956,American Association,macon,M90052,Macon,Max,,St. Paul,,,,,
minoraverages/emilbb,1956,American Association,macon,M90164,Macon,Max,,St. Paul,,,,,
minoraverages/1957TSN,1956,American Association,maier,B01567,Maier,George,0,Denver,,,28,,
minoraverages/1957TSN,1956,American Association,maier,F22048,Maier,,0,Denver,,,,,p27
minoraverages/1957TSN,1956,American Association,maier,P10767,Maier,,0,Denver,,,,27,p
minoraverages/1957TSN,1956,American Association,malmberg,B00158,Malmberg,Harry,0,Charleston,,,139,,
minoraverages/1957TSN,1956,American Association,malmberg,F20014,Malmberg,,0,Charleston,,,,,1b34
minoraverages/1957TSN,1956,American Association,malmberg,F20240,Malmberg,,0,Charleston,,,,,2b84
minoraverages/1957TSN,1956,American Association,malmberg,F20430,Malmberg,,0,Charleston,,,,,3b23
minoraverages/1957TSN,1956,American Association,maranda,B02253,Maranda,Georges,0,Wichita,,,35,,
minoraverages/1957TSN,1956,American Association,maranda,F22501,Maranda,,0,Wichita,,,,,p34
minoraverages/1957TSN,1956,American Association,maranda,P10871,Maranda,,0,Wichita,,,,34,p
minoraverages/1957TSN,1956,American Association,marchio,B02056,Marchio,Frank,0,St. Paul,,,14,,
minoraverages/1957TSN,1956,American Association,marchio,F20956,Marchio,,0,St. Paul,,,,,of13
minoraverages/1957TSN,1956,American Association,margoneri,B02687,Margoneri,Joseph,0,Minneapolis,,,7,,
minoraverages/1957TSN,1956,American Association,margoneri,P11153,Margoneri,,0,Minneapolis,,,,7,p
minoraverages/1957TSN,1956,American Association,marion,M90107,Marion,John (Red),,Louisville,,,,,
minoraverages/emilbb,1956,American Association,marion,M90204,Marion,"John ""Red""",,Louisville,,,,,
minoraverages/1957TSN,1956,American Association,maris,B00163,Maris,Roger,0,Indianapolis,,,131,,
minoraverages/1957TSN,1956,American Association,maris,F21264,Maris,,0,Indianapolis,,,,,of121
minoraverages/1957TSN,1956,American Association,marlowe,B00695,Marlowe,Richard,0,Charleston,,,20,,
minoraverages/1957TSN,1956,American Association,marlowe,F21833,Marlowe,,0,Charleston,,,,,p20
minoraverages/1957TSN,1956,American Association,marlowe,P10818,Marlowe,,0,Charleston,,,,20,p
minoraverages/1957TSN,1956,American Association,martyn,B00059,Martyn,Robert,0,Denver,,,145,,
minoraverages/1957TSN,1956,American Association,martyn,F21196,Martyn,,0,Denver,,,,,of140
minoraverages/1957TSN,1956,American Association,mauriello,B02290,Mauriello,Ralph,0,St. Paul,,,10,,
minoraverages/1957TSN,1956,American Association,mauriello,F21936,Mauriello,,0,St. Paul,,,,,p10
minoraverages/1957TSN,1956,American Association,mauriello,P10780,Mauriello,,0,St. Paul,,,,10,p
minoraverages/1957TSN,1956,American Association,mayer,B01971,Mayer,Edwin,0,Omaha,,,18,,
minoraverages/1957TSN,1956,American Association,mayer,F22479,Mayer,,0,Omaha,,,,,p18
minoraverages/1957TSN,1956,American Association,mayer,P10266,Mayer,,0,Omaha,,,,18,p
minoraverages/1957TSN,1956,American Association,mcardle,B01197,McArdle,James,0,Omaha,,,11,,
minoraverages/1957TSN,1956,American Association,mcdonald,B02455,McDonald,Thomas,0,Denver,,,1,,
minoraverages/1957TSN,1956,American Association,mcghee,B00308,McGhee,W. Edward,0,Charleston,,,121,,
minoraverages/1957TSN,1956,American Association,mcghee,F21013,McGhee,,0,Charleston,,,,,of120
minoraverages/1957TSN,1956,American Association,mchugh,B00973,McHugh,Edward,0,Wichita,,,32,,
minoraverages/1957TSN,1956,American Association,mchugh,F20401,McHugh,,0,Wichita,,,,,2b17
minoraverages/1957TSN,1956,American Association,mcmahon,B01733,McMahon,Donald,0,Wichita,,,40,,
minoraverages/1957TSN,1956,American Association,mcmahon,F22099,McMahon,,0,Wichita,,,,,p40
minoraverages/1957TSN,1956,American Association,mcmahon,P10534,McMahon,,0,Wichita,,,,40,p
minoraverages/1957TSN,1956,American Association,mcminn,B01765,McMinn,Glenn,0,St. Paul,,,38,,
minoraverages/1957TSN,1956,American Association,mcminn,F21695,McMinn,,0,St. Paul,,,,,p38
minoraverages/1957TSN,1956,American Association,mcminn,P10145,McMinn,,0,St. Paul,,,,38,p
minoraverages/1957TSN,1956,American Association,melliere,B02168,Melliere,Floyd,1,Minneapolis,,,27,,
minoraverages/1957TSN,1956,American Association,melliere,B02168,Melliere,Floyd,2,Louisville,,,18,,
minoraverages/1957TSN,1956,American Association,melliere,B02168,Melliere,Floyd,T,,,,45,,
minoraverages/1957TSN,1956,American Association,melliere,F22057,Melliere,,1,Minneapolis,,,,,p
minoraverages/1957TSN,1956,American Association,melliere,F22057,Melliere,,2,Louisville,,,,,p
minoraverages/1957TSN,1956,American Association,melliere,F22057,Melliere,,T,,,,,,p45
minoraverages/1957TSN,1956,American Association,melliere,P10640,Melliere,,1,Minneapolis,,,,27,p
minoraverages/1957TSN,1956,American Association,melliere,P10640,Melliere,,2,Louisville,,,,18,p
minoraverages/1957TSN,1956,American Association,melliere,P10640,Melliere,,T,,,,,45,p
minoraverages/1957TSN,1956,American Association,melton,B02478,Melton,James,0,Indianapolis,,,2,,
minoraverages/1957TSN,1956,American Association,melton,P11038,Melton,,0,Indianapolis,,,,2,p
minoraverages/1957TSN,1956,American Association,metro,M90071,Metro,Charles,,Charleston,,,,,
minoraverages/emilbb,1956,American Association,metro,M90178,Metro,Charlie,,Charleston,,,,,
minoraverages/1957TSN,1956,American Association,miller,B00469,Miller,Robert,0,Charleston,,,15,,
minoraverages/1957TSN,1956,American Association,miller,F21794,Miller,,0,Charleston,,,,,p13
minoraverages/1957TSN,1956,American Association,miller,P10399,Miller,,0,Charleston,,,,13,p
minoraverages/1957TSN,1956,American Association,minnick,B02228,Minnick,Donald,0,Indianapolis,,,19,,
minoraverages/1957TSN,1956,American Association,minnick,F21811,Minnick,,0,Indianapolis,,,,,p19
minoraverages/1957TSN,1956,American Association,minnick,P10883,Minnick,,0,Indianapolis,,,,19,p
minoraverages/1957TSN,1956,American Association,moford,B02192,Moford,Herbert,0,Omaha,,,40,,
minoraverages/1957TSN,1956,American Association,moford,F22061,Moford,,0,Omaha,,,,,p39
minoraverages/1957TSN,1956,American Association,moford,P10503,Moford,,0,Omaha,,,,39,p
minoraverages/1957TSN,1956,American Association,monzant,B02698,Monzant,Ramon,0,Minneapolis,,,4,,
minoraverages/1957TSN,1956,American Association,monzant,P11166,Monzant,,0,Minneapolis,,,,3,p
minoraverages/1957TSN,1956,American Association,morales,B02550,Morales,Luis,0,Louisville,,,3,,
minoraverages/1957TSN,1956,American Association,morssor,B02569,Mossor,Earl,0,Louisville,,,4,,
minoraverages/1957TSN,1956,American Association,morssor,P11080,Mossor,,0,Louisville,,,,4,p
minoraverages/1957TSN,1956,American Association,mozzali,B00101,Mozzali,Maurice,0,Omaha,,,132,,
minoraverages/1957TSN,1956,American Association,mozzali,F20038,Mozzali,,0,Omaha,,,,,1b60
minoraverages/1957TSN,1956,American Association,mozzali,F21021,Mozzali,,0,Omaha,,,,,of66
minoraverages/1957TSN,1956,American Association,muffett,B02772,Muffett,William,0,Omaha,,,7,,
minoraverages/1957TSN,1956,American Association,muffett,P11222,Muffett,,0,Omaha,,,,5,p
minoraverages/1957TSN,1956,American Association,murszewski,B01885,Murszewski,Marlan,0,Indianapolis,,,44,,
minoraverages/1957TSN,1956,American Association,murszewski,F21887,Murszewski,,0,Indianapolis,,,,,p44
minoraverages/1957TSN,1956,American Association,murszewski,P10550,Murszewski,,0,Indianapolis,,,,44,p
minoraverages/1957TSN,1956,American Association,nakamura,B02575,Nakamura,Jose,0,Louisville,,,3,,
minoraverages/1957TSN,1956,American Association,nakamura,P11095,Nakamura,,0,Louisville,,,,3,p
minoraverages/1957TSN,1956,American Association,napoles,B02588,Napoles,Anthony,0,Louisville,,,2,,
minoraverages/1957TSN,1956,American Association,napoles,P11102,Napoles,,0,Louisville,,,,2,p
minoraverages/1957TSN,1956,American Association,neeman,B00985,Neeman,Calvin,0,Denver,,,32,,
minoraverages/1957TSN,1956,American Association,neeman,F21442,Neeman,,0,Denver,,,,,c31
minoraverages/1957TSN,1956,American Association,nichols-ind,B01812,Nichols,Dolan,0,Indianapolis,,,41,,
minoraverages/1957TSN,1956,American Association,nichols-wic,B02883,Nichols,Chester,0,Wichita,,,5,,
minoraverages/1957TSN,1956,American Association,nichols-ind,F21672,Nichols,,0,Indianapolis,,,,,p37
minoraverages/1957TSN,1956,American Association,nichols-ind,P10113,Nichols,,0,Indianapolis,,,,37,p
minoraverages/1957TSN,1956,American Association,nichols-wic,P11303,Nichols,,0,Wichita,,,,5,p
minoraverages/1957TSN,1956,American Association,nicolis,B02818,Nicolis,Peter,0,St. Paul,,,5,,
minoraverages/1957TSN,1956,American Association,nicolis,P11254,Nicolis,,0,St. Paul,,,,5,p
minoraverages/1957TSN,1956,American Association,nixon,B00531,Nixon,Russell,0,Indianapolis,,,105,,
minoraverages/1957TSN,1956,American Association,nixon,F21566,Nixon,,0,Indianapolis,,,,,c95
minoraverages/1957TSN,1956,American Association,northey,B00403,Northey,Ronald,0,Indianapolis,,,11,,
minoraverages/1957TSN,1956,American Association,olsen,B00879,Olsen,Lyle,0,St. Paul,,,112,,
minoraverages/1957TSN,1956,American Association,olsen,F20449,Olsen,,0,St. Paul,,,,,3b99
minoraverages/1957TSN,1956,American Association,olsen,F21397,Olsen,,0,St. Paul,,,,,of11
minoraverages/1957TSN,1956,American Association,paine,B01359,Paine,Phillips,0,Minneapolis,,,58,,
minoraverages/1957TSN,1956,American Association,paine,F22142,Paine,,0,Minneapolis,,,,,p58
minoraverages/1957TSN,1956,American Association,paine,P10320,Paine,,0,Minneapolis,,,,58,p
minoraverages/1957TSN,1956,American Association,parks,B01041,Parks,Jack,0,Louisville,,,89,,
minoraverages/1957TSN,1956,American Association,parks,F21609,Parks,,0,Louisville,,,,,c79
minoraverages/1957TSN,1956,American Association,paula,B00442,Paula,Carlos,1,Denver,,,25,,
minoraverages/1957TSN,1956,American Association,paula,B00442,Paula,Carlos,2,Louisville,,,52,,
minoraverages/1957TSN,1956,American Association,paula,B00442,Paula,Carlos,T,,,,77,,
minoraverages/1957TSN,1956,American Association,paula,F20620,Paula,,1,Denver,,,,,3b
minoraverages/1957TSN,1956,American Association,paula,F20620,Paula,,2,Louisville,,,,,3b
minoraverages/1957TSN,1956,American Association,paula,F20620,Paula,,T,,,,,,3b26
minoraverages/1957TSN,1956,American Association,paula,F21174,Paula,,1,Denver,,,,,of
minoraverages/1957TSN,1956,American Association,paula,F21174,Paula,,2,Louisville,,,,,of
minoraverages/1957TSN,1956,American Association,paula,F21174,Paula,,T,,,,,,of47
minoraverages/1957TSN,1956,American Association,pawloski,B01275,Pawloski,Stanley,0,Indianapolis,,,124,,
minoraverages/1957TSN,1956,American Association,pawloski,F20206,Pawloski,,0,Indianapolis,,,,,2b36
minoraverages/1957TSN,1956,American Association,pawloski,F20505,Pawloski,,0,Indianapolis,,,,,3b92
minoraverages/1957TSN,1956,American Association,pearce,B02184,Pearce,James,0,Omaha,,,34,,
minoraverages/1957TSN,1956,American Association,pearce,F22272,Pearce,,0,Omaha,,,,,p34
minoraverages/1957TSN,1956,American Association,pearce,P10097,Pearce,,0,Omaha,,,,34,p
minoraverages/1957TSN,1956,American Association,peete,B00013,Peete,Charles,0,Omaha,,,116,,
minoraverages/1957TSN,1956,American Association,peete,F21125,Peete,,0,Omaha,,,,,of112
minoraverages/1957TSN,1956,American Association,pendleton,B00747,Pendleton,James,0,Wichita,,,69,,
minoraverages/1957TSN,1956,American Association,pendleton,F20807,Pendleton,,0,Wichita,,,,,ss18
minoraverages/1957TSN,1956,American Association,pendleton,F21117,Pendleton,,0,Wichita,,,,,of50
minoraverages/1957TSN,1956,American Association,perez,B02591,Perez,Modesto,0,Louisville,,,6,,
minoraverages/1957TSN,1956,American Association,phillips-oma,B01376,Phillips,Edward,0,Omaha,,,23,,
minoraverages/1957TSN,1956,American Association,phillips-wic,B01804,Phillips,Taylor,0,Wichita,,,13,,
minoraverages/1957TSN,1956,American Association,phillips-oma,F20893,Phillips,,0,Omaha,,,,,of17
minoraverages/1957TSN,1956,American Association,phillips-wic,F22498,Phillips,,0,Wichita,,,,,p13
minoraverages/1957TSN,1956,American Association,phillips-wic,P10385,Phillips,,0,Wichita,,,,13,p
minoraverages/1957TSN,1956,American Association,pignatano,B00726,Pignatano,Joseph,0,St. Paul,,,81,,
minoraverages/1957TSN,1956,American Association,pignatano,F21469,Pignatano,,0,St. Paul,,,,,c68
minoraverages/1957TSN,1956,American Association,pitula,B01682,Pitula,Stanley,0,Indianapolis,,,43,,
minoraverages/1957TSN,1956,American Association,pitula,F22116,Pitula,,0,Indianapolis,,,,,p37
minoraverages/1957TSN,1956,American Association,pitula,P10081,Pitula,,0,Indianapolis,,,,37,p
minoraverages/1957TSN,1956,American Association,pleis,B02606,Pleis,William,0,Louisville,,,4,,
minoraverages/1957TSN,1956,American Association,pleis,P11115,Pleis,,0,Louisville,,,,4,p
minoraverages/1957TSN,1956,American Association,ponce,B00920,Ponce,Anthony,0,Louisville,,,24,,
minoraverages/1957TSN,1956,American Association,ponce,F21752,Ponce,,0,Louisville,,,,,p20
minoraverages/1957TSN,1956,American Association,ponce,P10569,Ponce,,0,Louisville,,,,20,p
minoraverages/1957TSN,1956,American Association,pope,B00667,Pope,David,0,Indianapolis,,,100,,
minoraverages/1957TSN,1956,American Association,pope,F21059,Pope,,0,Indianapolis,,,,,of98
minoraverages/1957TSN,1956,American Association,presko,B01572,Presko,Joseph,0,Charleston,,,33,,
minoraverages/1957TSN,1956,American Association,presko,F22188,Presko,,0,Charleston,,,,,p33
minoraverages/1957TSN,1956,American Association,presko,P10361,Presko,,0,Charleston,,,,33,p
minoraverages/1957TSN,1956,American Association,pruett,B02709,Pruett,William T.,0,Minneapolis,,,2,,
minoraverages/1957TSN,1956,American Association,pruett,P11177,Pruett,,0,Minneapolis,,,,2,p
minoraverages/1957TSN,1956,American Association,queen,B01093,Queen,William,0,Wichita,,,123,,
minoraverages/1957TSN,1956,American Association,queen,F21381,Queen,,0,Wichita,,,,,of80
minoraverages/1957TSN,1956,American Association,queen,F21488,Queen,,0,Wichita,,,,,c35
minoraverages/1957TSN,1956,American Association,raines,B00068,Raines,Lawrence,0,Indianapolis,,,148,,
minoraverages/1957TSN,1956,American Association,raines,F20327,Raines,,0,Indianapolis,,,,,2b24
minoraverages/1957TSN,1956,American Association,raines,F20737,Raines,,0,Indianapolis,,,,,ss123
minoraverages/1957TSN,1956,American Association,randazzo,B00840,Randazzo,Joseph,0,Indianapolis,,,16,,
minoraverages/1957TSN,1956,American Association,randazzo,F21434,Randazzo,,0,Indianapolis,,,,,of12
minoraverages/1957TSN,1956,American Association,rapp,B00672,Rapp,Vernon,0,Minneapolis,,,85,,
minoraverages/1957TSN,1956,American Association,rapp,F21646,Rapp,,0,Minneapolis,,,,,c58
minoraverages/1957TSN,1956,American Association,reeder,B02035,Reeder,Dennis,0,Minneapolis,,,16,,
minoraverages/1957TSN,1956,American Association,reeder,F21879,Reeder,,0,Minneapolis,,,,,p16
minoraverages/1957TSN,1956,American Association,reeder,P10738,Reeder,,0,Minneapolis,,,,16,p
minoraverages/1957TSN,1956,American Association,regalado,B00491,Regalado,Rudolph,0,Indianapolis,,,95,,
minoraverages/1957TSN,1956,American Association,regalado,F20177,Regalado,,0,Indianapolis,,,,,1b12
minoraverages/1957TSN,1956,American Association,regalado,F20604,Regalado,,0,Indianapolis,,,,,3b69
minoraverages/1957TSN,1956,American Association,rice,B00609,Rice,Harold,0,Denver,,,10,,
minoraverages/1957TSN,1956,American Association,richardson,B00037,Richardson,Robert,0,Denver,,,124,,
minoraverages/1957TSN,1956,American Association,richardson,F20369,Richardson,,0,Denver,,,,,2b123
minoraverages/1957TSN,1956,American Association,riggenbach,B02486,Riggenbach,Robert,0,Indianapolis,,,4,,
minoraverages/1957TSN,1956,American Association,roberson,B02826,Roberson,Marvin,0,St. Paul,,,4,,
minoraverages/1957TSN,1956,American Association,roberson,P11265,Roberson,,0,St. Paul,,,,3,p
minoraverages/1957TSN,1956,American Association,roberts,B02714,Roberts,Neil,0,Minneapolis,,,2,,
minoraverages/1957TSN,1956,American Association,roberts,P11189,Roberts,,0,Minneapolis,,,,2,p
minoraverages/1957TSN,1956,American Association,robertson-cha,B01227,Robertson,A. James,0,Charleston,,,45,,
minoraverages/1957TSN,1956,American Association,robertson-lou,B02611,Robertson,Donald,0,Louisville,,,5,,
minoraverages/1957TSN,1956,American Association,robertson-cha,F21590,Robertson,,0,Charleston,,,,,c43
minoraverages/1957TSN,1956,American Association,robertson-lou,P11128,Robertson,,0,Louisville,,,,5,p
minoraverages/1957TSN,1956,American Association,robinson,B01994,Robinson,Humberto,0,Wichita,,,31,,
minoraverages/1957TSN,1956,American Association,robinson,F22364,Robinson,,0,Wichita,,,,,p31
minoraverages/1957TSN,1956,American Association,robinson,P10312,Robinson,,0,Wichita,,,,31,p
minoraverages/1957TSN,1956,American Association,rodemoyer,B00515,Rodemoyer,Howard,0,Indianapolis,,,34,,
minoraverages/1957TSN,1956,American Association,rodemoyer,F21718,Rodemoyer,,0,Indianapolis,,,,,p29
minoraverages/1957TSN,1956,American Association,rodemoyer,P10925,Rodemoyer,,0,Indianapolis,,,,29,p
minoraverages/1957TSN,1956,American Association,rodriguez-lou,B01392,Rodriguez,Baldomero,0,Louisville,,,11,,
minoraverages/1957TSN,1956,American Association,rodriguez-min,B02320,Rodriguez,Fernando,0,Minneapolis,,,12,,
minoraverages/1957TSN,1956,American Association,rodriguez-stp,B02839,Rodriguez,Miguel,0,St. Paul,,,1,,
minoraverages/1957TSN,1956,American Association,rodriguez-min,F22582,Rodriguez,,0,Minneapolis,,,,,p12
minoraverages/1957TSN,1956,American Association,rodriguez-min,P10930,Rodriguez,,0,Minneapolis,,,,12,p
minoraverages/1957TSN,1956,American Association,rodriguez-lou,P11279,Rodriguez,,0,St. Paul,,,,1,p
minoraverages/1957TSN,1956,American Association,roig,B00760,Roig,Anton,0,Louisville,,,55,,
minoraverages/1957TSN,1956,American Association,roig,F20287,Roig,,0,Louisville,,,,,2b51
minoraverages/1957TSN,1956,American Association,roselli,B01580,Roselli,Robert,0,Wichita,,,24,,
minoraverages/1957TSN,1956,American Association,roselli,F21651,Roselli,,0,Wichita,,,,,c21
minoraverages/1957TSN,1956,American Association,ross,B01960,Ross,F. Robert,0,Wichita,,,13,,
minoraverages/1957TSN,1956,American Association,ross,F22246,Ross,,0,Wichita,,,,,p13
minoraverages/1957TSN,1956,American Association,ross,P10407,Ross,,0,Wichita,,,,13,p
minoraverages/1957TSN,1956,American Association,rotblatt,B02622,Rotblatt,Marvin,0,Louisville,,,2,,
minoraverages/1957TSN,1956,American Association,rotblatt,P11131,Rotblatt,,0,Louisville,,,,2,p
minoraverages/1957TSN,1956,American Association,rubinstein,B02633,Rubinstein,Dario,0,Louisville,,,8,,
minoraverages/1957TSN,1956,American Association,russell,B00475,Russell,James,0,Denver,,,10,,
minoraverages/1957TSN,1956,American Association,russell,F21920,Russell,,0,Denver,,,,,p10
minoraverages/1957TSN,1956,American Association,russell,P10464,Russell,,0,Denver,,,,10,p
minoraverages/1957TSN,1956,American Association,samford,B00255,Samford,Ronald,0,Charleston,,,124,,
minoraverages/1957TSN,1956,American Association,samford,F20265,Samford,,0,Charleston,,,,,2b43
minoraverages/1957TSN,1956,American Association,samford,F20685,Samford,,0,Charleston,,,,,ss70
minoraverages/1957TSN,1956,American Association,sarna,B02385,Sarna,Thomas,0,Charleston,,,7,,
minoraverages/1957TSN,1956,American Association,scannelli,B02847,Scannelli,Frank,0,St. Paul,,,1,,
minoraverages/1957TSN,1956,American Association,schell,B00182,Schell,Daniel,0,Omaha,,,139,,
minoraverages/1957TSN,1956,American Association,schell,F21241,Schell,,0,Omaha,,,,,of137
minoraverages/1957TSN,1956,American Association,schofield,B00718,Schofield,J. Richard,0,Omaha,,,108,,
minoraverages/1957TSN,1956,American Association,schofield,F20759,Schofield,,0,Omaha,,,,,ss102
minoraverages/1957TSN,1956,American Association,schultz,B01798,Schultz,George,0,Omaha,,,46,,
minoraverages/1957TSN,1956,American Association,schultz,F22238,Schultz,,0,Omaha,,,,,p45
minoraverages/1957TSN,1956,American Association,schultz,P10486,Schultz,,0,Omaha,,,,45,p
minoraverages/1957TSN,1956,American Association,selkirk,M90094,Selkirk,George,,Wichita,,,,,
minoraverages/emilbb,1956,American Association,selkirk,M90193,Selkirk,George,,Wichita,,,,,
minoraverages/1957TSN,1956,American Association,shannon,B00125,Shannon,Walter,0,Omaha,,,119,,
minoraverages/1957TSN,1956,American Association,shannon,F20298,Shannon,,0,Omaha,,,,,2b80
minoraverages/1957TSN,1956,American Association,shannon,F20547,Shannon,,0,Omaha,,,,,3b29
minoraverages/1957TSN,1956,American Association,siebern,B00680,Siebern,Norman,0,Denver,,,36,,
minoraverages/1957TSN,1956,American Association,siebern,F21092,Siebern,,0,Denver,,,,,of29
minoraverages/1957TSN,1956,American Association,simmons,B02399,Simmons,Max,0,Charleston,,,8,,
minoraverages/1957TSN,1956,American Association,simmons,P10996,Simmons,,0,Charleston,,,,8,p
minoraverages/1957TSN,1956,American Association,skaff,M90083,Skaff,Francis,,Charleston,19560511,,,,
minoraverages/emilbb,1956,American Association,skaff,M90186,Skaff,Frank,,Charleston,,,,,
minoraverages/1957TSN,1956,American Association,spencer,B02081,Spencer,George,0,Indianapolis,,,50,,
minoraverages/1957TSN,1956,American Association,spencer,F22411,Spencer,,0,Indianapolis,,,,,p50
minoraverages/1957TSN,1956,American Association,spencer,P10709,Spencer,,0,Indianapolis,,,,50,p
minoraverages/1957TSN,1956,American Association,spooner,B02852,Spooner,Karl,0,St. Paul,,,4,,
minoraverages/1957TSN,1956,American Association,spooner,P11287,Spooner,,0,St. Paul,,,,4,p
minoraverages/1957TSN,1956,American Association,stabelfeld,B01740,Stabelfeld,Glen,0,Omaha,,,46,,
minoraverages/1957TSN,1956,American Association,stabelfeld,F22378,Stabelfeld,,0,Omaha,,,,,p37
minoraverages/1957TSN,1956,American Association,stabelfeld,P10516,Stabelfeld,,0,Omaha,,,,37,p
minoraverages/1957TSN,1956,American Association,stanek,B02062,Stanek,Joseph,0,St. Paul,,,30,,
minoraverages/1957TSN,1956,American Association,stanek,F22329,Stanek,,0,St. Paul,,,,,p30
minoraverages/1957TSN,1956,American Association,stanek,P10493,Stanek,,0,St. Paul,,,,30,p
minoraverages/1957TSN,1956,American Association,stanky,M90047,Stanky,Edward,,Minneapolis,,,,,
minoraverages/emilbb,1956,American Association,stanky,M90155,Stanky,Eddie,,Minneapolis,,,,,
minoraverages/1957TSN,1956,American Association,stendel,B02640,Stendel,Marvin,0,Louisville,,,4,,
minoraverages/1957TSN,1956,American Association,stephenson,B00356,Stephenson,Robert,1,Omaha,,,59,,
minoraverages/1957TSN,1956,American Association,stephenson,B00356,Stephenson,Robert,2,Minneapolis,,,59,,
minoraverages/1957TSN,1956,American Association,stephenson,B00356,Stephenson,Robert,T,,,,118,,
minoraverages/1957TSN,1956,American Association,stephenson,F20745,Stephenson,,1,Omaha,,,,,ss
minoraverages/1957TSN,1956,American Association,stephenson,F20745,Stephenson,,2,Minneapolis,,,,,ss
minoraverages/1957TSN,1956,American Association,stephenson,F20745,Stephenson,,T,,,,,,ss106
minoraverages/1957TSN,1956,American Association,stewart,B01135,Stewart,William,0,Charleston,,,51,,
minoraverages/1957TSN,1956,American Association,stewart,F21278,Stewart,,0,Charleston,,,,,of43
minoraverages/1957TSN,1956,American Association,strahs,B02304,Strahs,Richard,0,Minneapolis,,,16,,
minoraverages/1957TSN,1956,American Association,strahs,F22596,Strahs,,0,Minneapolis,,,,,p16
minoraverages/1957TSN,1956,American Association,strahs,P10949,Strahs,,0,Minneapolis,,,,16,p
minoraverages/1957TSN,1956,American Association,streuli,B01514,Streuli,Walter,0,Charleston,,,15,,
minoraverages/1957TSN,1956,American Association,streuli,F21623,Streuli,,0,Charleston,,,,,c15
minoraverages/1957TSN,1956,American Association,stump,B02407,Stump,James`,0,Charleston,,,5,,
minoraverages/1957TSN,1956,American Association,stump,P11009,Stump,,0,Charleston,,,,5,p
minoraverages/1957TSN,1956,American Association,suarez,B02654,Suarez,Olmedo,0,Louisville,,,1,,
minoraverages/1957TSN,1956,American Association,talbot,B00319,Talbot,Robert,0,Wichita,,,135,,
minoraverages/1957TSN,1956,American Association,talbot,F21037,Talbot,,0,Wichita,,,,,of133
minoraverages/1957TSN,1956,American Association,tate,B01108,Tate,Lee,0,Minneapolis,,,100,,
minoraverages/1957TSN,1956,American Association,tate,F20254,Tate,,0,Minneapolis,,,,,2b51
minoraverages/1957TSN,1956,American Association,tate,F20657,Tate,,0,Minneapolis,,,,,ss29
minoraverages/1957TSN,1956,American Association,taylor-min,B00623,Taylor,William,0,Minneapolis,,,121,,
minoraverages/1957TSN,1956,American Association,taylor-wic,B01313,Taylor,Benjamin,0,Wichita,,,22,,
minoraverages/1957TSN,1956,American Association,taylor-wic,F20051,Taylor,,0,Wichita,,,,,1b22
minoraverages/1957TSN,1956,American Association,taylor-min,F21255,Taylor,,0,Minneapolis,,,,,of88
minoraverages/1957TSN,1956,American Association,templeton,B01952,Templeton,Charles,0,St. Paul,,,27,,
minoraverages/1957TSN,1956,American Association,templeton,F22103,Templeton,,0,St. Paul,,,,,p27
minoraverages/1957TSN,1956,American Association,templeton,P10527,Templeton,,0,St. Paul,,,,27,p
minoraverages/1957TSN,1956,American Association,terry,B01162,Terry,Ralph,0,Denver,,,25,,
minoraverages/1957TSN,1956,American Association,terry,F22386,Terry,,0,Denver,,,,,p25
minoraverages/1957TSN,1956,American Association,terry,P10168,Terry,,0,Denver,,,,25,p
minoraverages/1957TSN,1956,American Association,terwilliger,B01242,Terwilliger,Wayne,0,Minneapolis,,,90,,
minoraverages/1957TSN,1956,American Association,terwilliger,F20375,Terwilliger,,0,Minneapolis,,,,,2b90
minoraverages/1957TSN,1956,American Association,tettelbach,B01124,Tettelbach,Richard,0,Denver,,,74,,
minoraverages/1957TSN,1956,American Association,tettelbach,F21356,Tettelbach,,0,Denver,,,,,of65
minoraverages/1957TSN,1956,American Association,thacker,B01658,Thacker,Morris,0,Denver,,,34,,
minoraverages/1957TSN,1956,American Association,thacker,F21515,Thacker,,0,Denver,,,,,c31
minoraverages/1957TSN,1956,American Association,thollander,B01466,Thollander,Robert,0,Louisville,,,38,,
minoraverages/1957TSN,1956,American Association,thollander,F22175,Thollander,,0,Louisville,,,,,p29
minoraverages/1957TSN,1956,American Association,thollander,P10215,Thollander,,0,Louisville,,,,29,p
minoraverages/1957TSN,1956,American Association,thomas,B02723,Thomas,Valmy,0,Minneapolis,,,3,,
minoraverages/1957TSN,1956,American Association,thorpe,B00771,Thorpe,Robert,0,Wichita,,,22,,
minoraverages/1957TSN,1956,American Association,thorpe,F20886,Thorpe,,0,Wichita,,,,,of18
minoraverages/1957TSN,1956,American Association,throneberry,B00045,Throneberry,Marvin,0,Denver,,,152,,
minoraverages/1957TSN,1956,American Association,throneberry,F20102,Throneberry,,0,Denver,,,,,1b151
minoraverages/1957TSN,1956,American Association,tiefenauer,B02202,Tiefenauer,Robert,0,Charleston,,,47,,
minoraverages/1957TSN,1956,American Association,tiefenauer,F22004,Tiefenauer,,0,Charleston,,,,,p47
minoraverages/1957TSN,1956,American Association,tiefenauer,P10290,Tiefenauer,,0,Charleston,,,,47,p
minoraverages/1957TSN,1956,American Association,tomanek,B02176,Tomanek,Richard,0,Indianapolis,,,13,,
minoraverages/1957TSN,1956,American Association,tomanek,F22558,Tomanek,,0,Indianapolis,,,,,p13
minoraverages/1957TSN,1956,American Association,tomanek,P10336,Tomanek,,0,Indianapolis,,,,13,p
minoraverages/1957TSN,1956,American Association,trowbridge,B02894,Trowbridge,Robert,0,Wichita,,,8,,
minoraverages/1957TSN,1956,American Association,trowbridge,P11316,Trowbridge,,0,Wichita,,,,8,p
minoraverages/1957TSN,1956,American Association,urban,B00434,Urban,John,0,Denver,,,41,,
minoraverages/1957TSN,1956,American Association,urban,F21999,Urban,,0,Denver,,,,,p30
minoraverages/1957TSN,1956,American Association,urban,P10202,Urban,,0,Denver,,,,30,p
minoraverages/1957TSN,1956,American Association,valdivielso,B00590,Valdivielso,Joseph,0,Louisville,,,23,,
minoraverages/1957TSN,1956,American Association,valdivielso,F20776,Valdivielso,,0,Louisville,,,,,ss23
minoraverages/1957TSN,1956,American Association,valenzuela,B01509,Valenzuela,Benjamin,0,Omaha,,,16,,
minoraverages/1957TSN,1956,American Association,valenzuela,F20526,Valenzuela,,0,Omaha,,,,,3b13
minoraverages/1957TSN,1956,American Association,vargas,B00397,Vargas,Roberto,0,Wichita,,,42,,
minoraverages/1957TSN,1956,American Association,vargas,F22307,Vargas,,0,Wichita,,,,,p40
minoraverages/1957TSN,1956,American Association,vargas,P10772,Vargas,,0,Wichita,,,,40,p
minoraverages/1957TSN,1956,American Association,veal,B01234,Veal,Inman,0,Charleston,,,20,,
minoraverages/1957TSN,1956,American Association,veal,F20721,Veal,,0,Charleston,,,,,ss18
minoraverages/1957TSN,1956,American Association,virgil,B00293,Virgil,Osvaldo,0,Minneapolis,,,152,,
minoraverages/1957TSN,1956,American Association,virgil,F20482,Virgil,,0,Minneapolis,,,,,3b146
minoraverages/1957TSN,1956,American Association,walters,B01119,Walters,Kenneth,0,Charleston,,,39,,
minoraverages/1957TSN,1956,American Association,walters,F20832,Walters,,0,Charleston,,,,,of33
minoraverages/1957TSN,1956,American Association,wells,B02024,Wells,William,0,Minneapolis,,,19,,
minoraverages/1957TSN,1956,American Association,wells,F20919,Wells,,0,Minneapolis,,,,,of17
minoraverages/1957TSN,1956,American Association,wheat,B02277,Wheat,Leroy,0,St. Paul,,,38,,
minoraverages/1957TSN,1956,American Association,wheat,F21806,Wheat,,0,St. Paul,,,,,p38
minoraverages/1957TSN,1956,American Association,wheat,P10795,Wheat,,0,St. Paul,,,,38,p
minoraverages/1957TSN,1956,American Association,white-min,B00739,White,William,0,Minneapolis,,,20,,
minoraverages/1957TSN,1956,American Association,white-wic,B00833,White,Charles,0,Wichita,,,87,,
minoraverages/1957TSN,1956,American Association,white-lou,B02665,White,Harold,0,Louisville,,,2,,
minoraverages/1957TSN,1956,American Association,white-min,F20023,White,,0,Minneapolis,,,,,1b11
minoraverages/1957TSN,1956,American Association,white-min,F21427,White,,0,Minneapolis,,,,,of11
minoraverages/1957TSN,1956,American Association,white-wic,F21502,White,,0,Wichita,,,,,c75
minoraverages/1957TSN,1956,American Association,white-lou,P11144,White,,0,Louisville,,,,2,p
minoraverages/1957TSN,1956,American Association,wild,B02336,Wild,Kenneth,0,Louisville,,,10,,
minoraverages/1957TSN,1956,American Association,wild,F21948,Wild,,0,Louisville,,,,,p10
minoraverages/1957TSN,1956,American Association,wild,P10847,Wild,,0,Louisville,,,,10,p
minoraverages/1957TSN,1956,American Association,willey,B02145,Willey,Carlton,0,Wichita,,,46,,
minoraverages/1957TSN,1956,American Association,willey,F21865,Willey,,0,Wichita,,,,,p45
minoraverages/1957TSN,1956,American Association,willey,P10542,Willey,,0,Wichita,,,,45,p
minoraverages/1957TSN,1956,American Association,williams,B01857,Williams,Stanley,0,St. Paul,,,26,,
minoraverages/1957TSN,1956,American Association,williams,F22406,Williams,,0,St. Paul,,,,,p24
minoraverages/1957TSN,1956,American Association,williams,P10591,Williams,,0,St. Paul,,,,24,p
minoraverages/1957TSN,1956,American Association,winceniak,B00898,Winceniak,Edward,0,St. Paul,,,52,,
minoraverages/1957TSN,1956,American Association,winceniak,F20334,Winceniak,,0,St. Paul,,,,,2b21
minoraverages/1957TSN,1956,American Association,winceniak,F20463,Winceniak,,0,St. Paul,,,,,3b24
minoraverages/1957TSN,1956,American Association,witucki,B02410,Witucki,Ronald,0,Charleston,,,7,,
minoraverages/1957TSN,1956,American Association,wojey,B02429,Wojey,Peter,0,Charleston,,,6,,
minoraverages/1957TSN,1956,American Association,wojey,P11014,Wojey,,0,Charleston,,,,6,p
minoraverages/1957TSN,1956,American Association,woodeshick,B02137,Woodeshick,Harold,0,Charleston,,,26,,
minoraverages/1957TSN,1956,American Association,woodeshick,F22085,Woodeshick,,0,Charleston,,,,,p26
minoraverages/1957TSN,1956,American Association,woodeshick,P10024,Woodeshick,,0,Charleston,,,,26,p
minoraverages/1957TSN,1956,American Association,wright-oma,B00370,Wright,Melvin,0,Omaha,,,15,,
minoraverages/1957TSN,1956,American Association,wright-lou+cha,B01269,Wright,Thomas,1,Louisville,,,35,,
minoraverages/1957TSN,1956,American Association,wright-lou+cha,B01269,Wright,Thomas,2,Charleston,,,16,,
minoraverages/1957TSN,1956,American Association,wright-lou+cha,B01269,Wright,Thomas,T,,,,51,,
minoraverages/1957TSN,1956,American Association,wright-lou+cha,F21158,Wright,,1,Louisville,,,,,of
minoraverages/1957TSN,1956,American Association,wright-lou+cha,F21158,Wright,,2,Charleston,,,,,of
minoraverages/1957TSN,1956,American Association,wright-lou+cha,F21158,Wright,,T,,,,,,of44
minoraverages/1957TSN,1956,American Association,wright-oma,F21912,Wright,,0,Omaha,,,,,p15
minoraverages/1957TSN,1956,American Association,wright-oma,P10304,Wright,,0,Omaha,,,,15,p
minoraverages/1957TSN,1956,American Association,young,B00488,Young,Robert,0,Indianapolis,,,97,,
minoraverages/1957TSN,1956,American Association,young,F20222,Young,,0,Indianapolis,,,,,2b96
